9999
9998
9997
9996
9995
1
9994
2
9993
9992
9991
9990
3
9989
4
9988
9987
5
6
9986
7
8
9
10
11
9985
9984
12
13
9983
9982
9981
14
15
16
17
9980
18
9979
9978
19
9977
20
21
9976
22
9975
9974
9973
9972
23
24
25
26
9971
27
9970
9969
9968
28
9967
29
30
9966
9965
31
32
33
9964
9963
34
9962
9961
9960
9959
35
36
9958
37
38
39
9957
9956
40
41
9955
42
9954
9953
9952
9951
9950
43
9949
9948
44
45
9947
9946
46
47
9945
48
9944
49
50
51
9943
9942
52
53
9941
54
9940
9939
9938
9937
9936
55
56
57
58
59
9935
60
61
9934
62
63
64
65
66
9933
9932
9931
67
9930
68
9929
69
70
71
9928
72
9927
73
9926
9925
9924
74
9923
9922
75
76
77
78
79
9921
80
81
9920
9919
9918
9917
9916
82
83
84
9915
9914
9913
85
86
9912
87
88
89
9911
9910
90
91
9909
92
93
94
95
9908
96
97
98
99
9907
100
101
9906
102
9905
9904
103
104
9903
9902
105
106
9901
9900
9899
107
9898
108
9897
9896
9895
9894
109
9893
110
111
9892
9891
112
113
114
9890
9889
115
9888
116
9887
117
118
119
9886
120
9885
9884
9883
9882
121
122
9881
123
124
9880
9879
125
9878
9877
9876
126
127
9875
9874
9873
128
9872
129
9871
9870
130
9869
9868
9867
131
9866
9865
132
133
9864
134
135
9863
136
9862
9861
137
9860
138
9859
9858
9857
9856
139
140
141
9855
9854
9853
9852
9851
9850
142
9849
143
9848
9847
144
9846
9845
145
9844
9843
146
147
9842
148
149
9841
9840
150
151
9839
152
153
154
155
9838
9837
9836
156
9835
157
9834
158
9833
159
160
161
9832
162
9831
163
9830
9829
164
165
9828
9827
9826
166
167
168
169
9825
170
9824
9823
171
9822
172
9821
173
9820
174
9819
9818
175
176
177
9817
9816
178
9815
179
9814
9813
180
9812
9811
181
9810
182
183
184
9809
185
9808
9807
9806
186
9805
9804
9803
187
9802
188
189
9801
9800
190
9799
191
192
193
9798
9797
9796
194
9795
9794
9793
9792
195
196
197
9791
198
199
9790
200
9789
201
9788
9787
9786
9785
202
9784
9783
9782
203
204
9781
9780
205
206
9779
9778
9777
207
208
9776
9775
209
9774
210
211
9773
9772
9771
212
213
214
215
9770
216
217
9769
9768
9767
9766
218
9765
219
9764
220
221
222
223
9763
224
9762
9761
9760
225
9759
9758
9757
9756
9755
226
9754
9753
227
9752
228
229
230
9751
9750
9749
9748
231
9747
9746
232
233
234
235
236
237
9745
9744
9743
9742
238
9741
9740
9739
239
240
9738
241
242
9737
9736
243
9735
244
245
9734
246
9733
247
9732
9731
9730
9729
9728
9727
9726
248
249
250
251
9725
9724
252
9723
9722
9721
253
9720
254
255
256
257
9719
9718
9717
258
259
9716
260
9715
261
9714
262
9713
9712
263
264
9711
265
266
9710
9709
9708
9707
267
9706
268
9705
269
270
271
9704
9703
272
273
9702
274
9701
275
276
277
9700
278
9699
9698
9697
279
280
9696
281
282
283
284
9695
9694
9693
9692
9691
9690
285
286
9689
9688
9687
9686
9685
287
9684
288
289
290
291
9683
292
293
294
295
9682
296
297
9681
9680
298
9679
9678
9677
299
300
301
9676
302
9675
303
304
9674
305
306
307
9673
308
309
9672
310
9671
9670
311
312
313
9669
9668
9667
314
9666
9665
9664
315
9663
316
317
318
9662
319
9661
9660
9659
9658
9657
9656
320
9655
9654
321
322
323
324
9653
325
326
9652
327
328
329
9651
330
331
9650
332
333
9649
334
9648
9647
9646
9645
9644
335
9643
9642
336
9641
9640
337
9639
338
339
340
341
342
343
344
9638
345
346
347
9637
9636
9635
348
9634
349
350
351
9633
352
353
354
9632
9631
355
9630
9629
9628
9627
356
357
9626
9625
358
359
9624
360
361
9623
9622
9621
9620
9619
362
363
9618
364
9617
365
9616
366
367
368
369
370
371
372
373
9615
374
375
376
377
9614
9613
9612
9611
9610
378
379
9609
380
9608
9607
9606
9605
9604
381
9603
382
9602
9601
383
9600
9599
9598
9597
9596
384
9595
9594
385
386
387
9593
9592
9591
9590
9589
388
9588
9587
9586
9585
389
390
9584
391
9583
9582
9581
392
9580
393
394
9579
395
9578
396
397
398
9577
9576
9575
399
400
401
9574
402
403
404
405
9573
9572
9571
406
9570
407
9569
408
409
410
411
412
9568
413
414
9567
415
9566
416
9565
9564
9563
417
418
419
9562
420
9561
421
422
9560
9559
9558
9557
423
9556
424
9555
425
426
9554
427
428
429
9553
9552
9551
430
9550
431
432
433
9549
9548
434
9547
435
436
437
9546
438
439
9545
9544
9543
440
9542
441
442
443
444
445
446
9541
447
9540
448
9539
9538
9537
9536
9535
449
450
451
452
9534
9533
453
9532
9531
454
9530
9529
9528
455
9527
9526
456
9525
457
9524
9523
9522
458
459
9521
9520
9519
9518
460
9517
9516
461
9515
462
463
9514
9513
464
9512
9511
9510
465
466
467
468
9509
9508
9507
469
470
471
472
473
474
9506
9505
9504
475
9503
476
477
478
479
480
9502
9501
481
482
9500
483
484
9499
9498
9497
9496
485
486
487
9495
488
489
490
9494
491
9493
9492
492
493
494
9491
9490
9489
495
9488
496
9487
497
498
499
9486
500
501
502
503
9485
504
505
506
507
508
509
9484
9483
9482
9481
9480
9479
510
9478
9477
9476
511
9475
512
9474
513
9473
514
515
9472
9471
9470
516
9469
517
518
519
9468
520
9467
9466
521
9465
9464
522
9463
9462
523
524
525
526
527
9461
9460
9459
528
9458
9457
9456
9455
9454
529
530
9453
531
532
533
9452
534
9451
9450
9449
535
536
537
538
9448
539
9447
540
9446
9445
541
9444
542
9443
543
9442
9441
544
9440
545
9439
9438
9437
546
547
9436
9435
9434
9433
548
9432
549
9431
9430
9429
9428
9427
9426
550
9425
551
552
9424
9423
553
554
9422
9421
9420
9419
555
9418
556
557
9417
9416
558
9415
559
560
9414
9413
9412
9411
9410
561
562
563
9409
9408
9407
564
565
9406
566
9405
9404
567
568
9403
9402
9401
9400
9399
9398
569
570
571
572
573
9397
9396
9395
574
9394
575
9393
9392
9391
9390
576
9389
9388
9387
9386
9385
577
9384
578
9383
579
580
581
9382
9381
9380
582
583
9379
9378
584
9377
585
9376
9375
586
9374
587
9373
9372
588
589
590
9371
591
592
9370
593
594
595
596
597
598
9369
599
9368
9367
9366
9365
600
9364
9363
9362
601
602
9361
603
604
9360
9359
605
606
607
608
609
9358
610
9357
9356
9355
611
612
613
9354
614
9353
615
9352
9351
616
617
9350
9349
618
9348
619
620
9347
621
9346
622
9345
623
9344
9343
9342
9341
624
625
626
9340
627
9339
628
629
9338
9337
9336
630
9335
631
9334
632
633
9333
634
9332
635
636
9331
637
638
9330
9329
9328
639
640
641
642
9327
643
644
645
9326
9325
9324
9323
646
9322
647
648
9321
9320
649
650
651
9319
652
653
9318
9317
654
655
656
657
9316
9315
9314
658
659
9313
9312
9311
9310
660
9309
661
662
9308
9307
9306
9305
9304
663
664
665
666
9303
9302
9301
9300
9299
667
9298
9297
9296
9295
9294
668
9293
669
9292
9291
9290
670
9289
9288
9287
671
672
9286
673
9285
9284
674
9283
9282
675
9281
676
9280
9279
9278
9277
9276
677
678
679
9275
680
681
9274
682
9273
9272
683
684
9271
9270
685
686
687
688
9269
9268
9267
9266
9265
9264
9263
9262
9261
9260
9259
689
9258
9257
9256
690
9255
9254
691
692
9253
9252
9251
9250
9249
693
694
695
9248
9247
696
697
9246
9245
698
699
700
9244
701
702
9243
703
704
9242
705
9241
706
707
9240
708
709
710
9239
711
9238
712
713
9237
714
715
716
9236
717
9235
718
9234
719
9233
9232
9231
9230
720
9229
9228
721
9227
9226
9225
9224
9223
722
723
9222
9221
9220
724
725
9219
726
9218
727
9217
728
9216
729
730
9215
731
732
733
9214
734
735
9213
9212
9211
9210
736
9209
737
9208
738
9207
9206
9205
739
9204
740
9203
9202
741
9201
742
9200
9199
9198
743
9197
744
745
746
9196
9195
9194
747
748
9193
749
750
751
9192
9191
752
753
754
9190
9189
755
9188
9187
9186
756
757
758
9185
759
760
761
9184
9183
9182
762
9181
763
764
9180
9179
765
9178
9177
9176
9175
766
767
9174
768
769
770
9173
771
9172
9171
772
773
9170
9169
9168
774
775
776
777
778
9167
9166
779
9165
780
9164
9163
781
9162
9161
782
9160
783
784
785
786
787
788
789
790
791
792
9159
793
9158
9157
9156
9155
794
9154
795
796
9153
797
798
9152
799
9151
800
801
802
9150
803
9149
9148
804
9147
9146
9145
9144
9143
805
9142
806
9141
807
9140
808
809
9139
810
811
812
813
9138
814
815
816
817
818
9137
9136
819
820
9135
821
9134
9133
9132
9131
822
823
9130
9129
9128
9127
9126
824
825
9125
9124
826
9123
827
9122
9121
9120
9119
828
9118
9117
829
9116
9115
9114
830
9113
831
832
9112
833
834
9111
835
836
837
9110
838
839
9109
9108
840
9107
9106
841
842
9105
843
9104
9103
844
9102
845
9101
9100
9099
846
847
848
849
9098
9097
850
9096
851
852
9095
853
9094
9093
9092
854
9091
9090
855
856
9089
857
9088
858
9087
859
860
861
862
863
9086
9085
9084
9083
9082
864
9081
865
866
9080
9079
867
868
9078
869
870
9077
871
872
9076
873
874
9075
9074
875
876
877
878
879
880
9073
9072
9071
9070
9069
9068
881
882
9067
883
884
885
886
9066
887
888
9065
889
9064
890
891
892
9063
9062
9061
9060
9059
893
894
895
896
9058
897
898
899
900
9057
901
9056
902
9055
903
904
9054
905
906
907
9053
908
9052
9051
909
910
911
912
913
9050
9049
914
915
916
9048
917
9047
918
9046
9045
919
9044
9043
9042
9041
920
921
9040
9039
9038
9037
9036
9035
922
923
924
9034
925
9033
9032
9031
926
9030
9029
9028
927
9027
9026
9025
928
9024
929
9023
9022
9021
930
9020
931
9019
932
9018
9017
9016
933
9015
934
9014
9013
935
9012
9011
9010
936
937
938
939
940
9009
941
942
943
9008
9007
944
945
946
9006
9005
9004
9003
9002
9001
947
948
949
9000
950
8999
951
8998
952
8997
953
954
955
8996
8995
8994
8993
8992
8991
956
957
8990
8989
8988
8987
8986
8985
958
959
960
8984
8983
961
8982
8981
8980
8979
962
963
964
965
8978
8977
8976
8975
966
8974
967
968
8973
969
8972
970
8971
8970
8969
8968
971
8967
8966
8965
8964
972
973
8963
8962
8961
974
975
976
977
978
979
8960
8959
980
981
8958
982
8957
8956
983
984
8955
985
986
8954
8953
987
988
989
8952
990
8951
8950
991
8949
8948
8947
992
8946
8945
993
8944
994
995
996
8943
8942
8941
8940
8939
997
998
8938
999
1000
1001
8937
1002
1003
8936
8935
1004
1005
8934
1006
1007
1008
1009
1010
8933
8932
8931
8930
8929
8928
1011
8927
1012
1013
8926
1014
8925
8924
8923
8922
8921
1015
1016
8920
8919
8918
1017
1018
8917
8916
1019
1020
8915
8914
1021
8913
1022
1023
8912
8911
8910
1024
8909
8908
8907
1025
8906
1026
1027
1028
1029
1030
1031
8905
1032
8904
1033
1034
8903
1035
8902
1036
8901
1037
8900
8899
1038
1039
8898
8897
1040
1041
1042
1043
8896
1044
1045
1046
1047
1048
1049
8895
8894
8893
1050
8892
8891
8890
1051
8889
1052
1053
1054
8888
1055
8887
1056
8886
1057
8885
1058
8884
8883
1059
8882
8881
1060
1061
1062
1063
8880
1064
8879
8878
8877
8876
1065
1066
1067
8875
8874
8873
1068
8872
1069
1070
8871
1071
1072
1073
1074
1075
1076
8870
1077
8869
1078
8868
8867
1079
8866
8865
1080
1081
1082
1083
8864
8863
1084
1085
8862
8861
1086
8860
1087
1088
8859
8858
1089
8857
1090
8856
1091
1092
1093
8855
8854
8853
8852
8851
8850
1094
8849
1095
1096
1097
1098
1099
8848
8847
8846
1100
8845
1101
1102
8844
8843
8842
8841
8840
1103
8839
8838
8837
8836
1104
1105
8835
8834
1106
1107
1108
8833
1109
1110
8832
1111
8831
1112
8830
8829
8828
1113
1114
1115
8827
1116
8826
1117
8825
1118
1119
1120
1121
8824
8823
1122
1123
8822
8821
8820
8819
1124
8818
8817
1125
8816
8815
1126
1127
1128
8814
1129
1130
8813
8812
8811
8810
8809
1131
1132
1133
8808
8807
1134
8806
1135
1136
1137
1138
8805
8804
1139
1140
8803
1141
1142
8802
1143
8801
8800
8799
1144
8798
1145
8797
1146
1147
1148
8796
8795
8794
8793
8792
8791
8790
8789
1149
8788
8787
8786
1150
8785
1151
8784
1152
1153
1154
1155
8783
1156
8782
8781
8780
8779
8778
1157
8777
8776
8775
1158
8774
1159
8773
8772
1160
8771
8770
8769
1161
1162
8768
1163
8767
1164
8766
1165
8765
1166
1167
8764
8763
1168
8762
1169
1170
1171
1172
8761
8760
1173
8759
1174
1175
8758
8757
1176
8756
1177
1178
1179
1180
1181
1182
1183
1184
1185
1186
1187
8755
1188
8754
1189
1190
1191
1192
8753
1193
1194
8752
1195
1196
1197
8751
1198
8750
1199
1200
8749
1201
1202
8748
1203
1204
8747
1205
1206
1207
8746
8745
8744
1208
8743
1209
8742
1210
8741
8740
8739
8738
8737
1211
8736
8735
8734
8733
8732
1212
8731
8730
8729
1213
8728
8727
1214
8726
1215
8725
1216
8724
8723
1217
8722
8721
8720
8719
1218
1219
1220
8718
8717
1221
8716
8715
1222
8714
8713
1223
8712
1224
1225
8711
8710
1226
1227
1228
1229
1230
1231
8709
1232
1233
1234
8708
1235
8707
1236
8706
1237
8705
1238
1239
1240
1241
8704
8703
8702
1242
8701
1243
1244
8700
1245
8699
1246
8698
1247
8697
1248
1249
8696
8695
1250
8694
8693
8692
8691
1251
1252
1253
1254
1255
1256
8690
1257
1258
1259
8689
8688
8687
1260
8686
1261
1262
1263
1264
8685
8684
1265
8683
1266
1267
1268
1269
1270
8682
1271
1272
8681
1273
8680
1274
1275
1276
8679
8678
8677
8676
1277
1278
8675
8674
8673
1279
1280
1281
8672
8671
8670
1282
1283
1284
8669
1285
1286
8668
8667
8666
8665
8664
8663
8662
1287
8661
1288
1289
8660
1290
1291
1292
1293
8659
1294
8658
1295
8657
1296
1297
1298
8656
1299
1300
1301
8655
1302
1303
8654
8653
8652
8651
1304
8650
1305
1306
1307
1308
8649
8648
8647
8646
1309
8645
1310
1311
1312
1313
8644
1314
8643
8642
1315
1316
1317
1318
1319
1320
1321
1322
8641
1323
8640
8639
1324
8638
1325
8637
1326
1327
1328
1329
8636
8635
8634
1330
1331
8633
8632
1332
8631
1333
8630
1334
1335
8629
1336
1337
1338
8628
1339
8627
1340
8626
1341
8625
1342
1343
8624
8623
8622
8621
1344
1345
1346
1347
8620
1348
1349
1350
8619
8618
8617
8616
8615
8614
1351
8613
8612
1352
8611
8610
8609
1353
8608
8607
8606
8605
1354
1355
8604
8603
1356
8602
1357
8601
8600
1358
8599
1359
8598
8597
8596
8595
1360
1361
1362
1363
1364
1365
8594
8593
8592
8591
8590
1366
1367
8589
1368
8588
1369
8587
1370
1371
1372
8586
1373
8585
1374
1375
1376
1377
8584
8583
8582
1378
8581
8580
8579
1379
8578
1380
1381
8577
8576
1382
1383
8575
8574
1384
8573
8572
1385
8571
1386
8570
8569
8568
8567
8566
1387
8565
1388
8564
8563
1389
8562
1390
8561
8560
1391
8559
1392
1393
8558
1394
1395
1396
8557
1397
8556
1398
1399
1400
8555
8554
8553
8552
1401
1402
8551
8550
8549
8548
8547
8546
1403
1404
8545
8544
1405
8543
8542
8541
1406
1407
8540
8539
1408
1409
8538
1410
1411
8537
8536
1412
8535
1413
1414
1415
1416
1417
1418
8534
8533
8532
1419
1420
8531
1421
8530
8529
8528
8527
1422
1423
8526
1424
1425
8525
8524
1426
1427
1428
8523
1429
8522
1430
8521
1431
1432
1433
1434
1435
1436
8520
8519
1437
1438
1439
1440
1441
1442
1443
8518
8517
1444
8516
1445
1446
8515
8514
1447
1448
8513
8512
1449
8511
1450
1451
8510
8509
1452
1453
1454
8508
1455
1456
1457
8507
8506
1458
8505
1459
8504
8503
1460
1461
8502
8501
8500
8499
8498
8497
8496
1462
8495
1463
8494
8493
1464
8492
8491
1465
1466
1467
1468
1469
1470
1471
1472
8490
1473
8489
8488
1474
1475
8487
8486
8485
8484
1476
8483
1477
8482
8481
8480
8479
8478
8477
1478
8476
8475
8474
8473
1479
1480
8472
8471
8470
1481
8469
8468
8467
1482
1483
1484
8466
1485
8465
8464
8463
1486
1487
1488
8462
8461
1489
8460
1490
8459
8458
8457
8456
8455
8454
1491
8453
8452
1492
1493
8451
8450
8449
8448
8447
8446
1494
8445
1495
8444
1496
8443
1497
1498
1499
8442
8441
1500
1501
1502
8440
8439
8438
1503
8437
1504
1505
1506
1507
1508
1509
1510
1511
1512
1513
8436
1514
8435
1515
1516
1517
1518
1519
8434
8433
1520
1521
1522
1523
8432
8431
8430
8429
1524
8428
8427
1525
8426
8425
8424
1526
8423
8422
1527
1528
8421
1529
8420
8419
8418
1530
8417
1531
8416
8415
8414
8413
8412
8411
1532
8410
8409
1533
1534
8408
1535
8407
1536
8406
8405
8404
1537
1538
8403
1539
1540
8402
1541
8401
8400
8399
8398
1542
1543
8397
1544
1545
8396
1546
8395
1547
1548
1549
1550
8394
8393
8392
1551
1552
8391
8390
8389
1553
1554
1555
8388
8387
8386
1556
8385
1557
8384
8383
1558
8382
8381
1559
8380
8379
8378
8377
1560
1561
8376
8375
1562
8374
8373
1563
1564
1565
8372
1566
8371
1567
8370
8369
8368
8367
1568
8366
8365
1569
8364
8363
1570
8362
8361
8360
8359
1571
8358
1572
1573
1574
8357
1575
1576
8356
1577
1578
1579
8355
8354
8353
8352
8351
8350
8349
1580
8348
1581
8347
8346
1582
1583
8345
8344
8343
1584
1585
8342
8341
8340
1586
1587
8339
8338
1588
1589
1590
8337
1591
8336
1592
8335
8334
1593
8333
1594
8332
8331
8330
8329
1595
1596
1597
1598
1599
1600
8328
8327
1601
1602
8326
8325
1603
1604
1605
1606
8324
8323
8322
8321
8320
1607
8319
1608
8318
1609
8317
8316
1610
8315
1611
8314
8313
1612
8312
8311
8310
8309
8308
8307
1613
8306
8305
1614
8304
1615
1616
1617
1618
8303
1619
1620
1621
1622
8302
1623
8301
1624
1625
8300
1626
8299
8298
8297
1627
8296
8295
8294
1628
8293
8292
8291
8290
8289
1629
1630
8288
8287
8286
8285
8284
8283
8282
8281
1631
8280
8279
8278
8277
8276
8275
8274
1632
1633
1634
1635
1636
8273
8272
8271
1637
8270
1638
1639
8269
8268
8267
1640
8266
1641
1642
8265
1643
1644
8264
1645
1646
8263
1647
1648
8262
8261
8260
1649
1650
1651
1652
8259
1653
1654
8258
1655
1656
8257
8256
8255
1657
8254
1658
1659
1660
8253
1661
1662
1663
8252
1664
1665
1666
8251
8250
8249
8248
8247
8246
8245
8244
8243
1667
8242
8241
1668
1669
1670
8240
1671
1672
1673
8239
8238
1674
8237
1675
1676
1677
1678
8236
8235
1679
8234
8233
8232
8231
8230
1680
1681
1682
8229
1683
8228
1684
1685
1686
8227
8226
1687
1688
1689
1690
8225
8224
1691
8223
8222
8221
8220
8219
1692
1693
1694
8218
8217
1695
1696
1697
1698
8216
8215
1699
8214
8213
1700
1701
1702
1703
8212
1704
8211
1705
8210
1706
1707
8209
8208
1708
1709
1710
8207
1711
1712
1713
1714
8206
8205
8204
1715
8203
1716
8202
1717
1718
8201
8200
1719
1720
8199
1721
1722
8198
1723
8197
8196
1724
8195
8194
8193
8192
1725
1726
8191
8190
1727
1728
1729
8189
1730
1731
1732
8188
8187
1733
1734
8186
8185
8184
8183
1735
8182
8181
8180
1736
1737
1738
1739
8179
1740
1741
1742
8178
8177
1743
8176
8175
8174
8173
1744
1745
1746
1747
8172
8171
1748
1749
1750
1751
1752
8170
8169
1753
8168
1754
8167
1755
1756
1757
1758
1759
1760
1761
1762
8166
8165
8164
1763
8163
8162
1764
1765
1766
1767
1768
8161
8160
8159
1769
1770
1771
8158
8157
1772
8156
1773
8155
1774
1775
1776
1777
1778
8154
8153
8152
1779
8151
1780
1781
1782
8150
1783
1784
1785
8149
8148
8147
1786
8146
1787
8145
1788
1789
1790
8144
1791
8143
8142
8141
8140
1792
1793
1794
1795
1796
8139
8138
1797
8137
8136
1798
1799
8135
1800
8134
8133
1801
1802
8132
8131
1803
1804
1805
1806
8130
8129
1807
8128
8127
1808
8126
1809
1810
8125
1811
8124
8123
8122
8121
1812
1813
8120
8119
1814
8118
1815
8117
8116
8115
1816
8114
1817
8113
8112
1818
8111
1819
8110
1820
8109
1821
1822
1823
8108
8107
8106
8105
8104
1824
1825
8103
1826
8102
8101
1827
1828
8100
1829
1830
8099
8098
8097
8096
1831
1832
1833
1834
8095
1835
8094
1836
1837
1838
8093
8092
8091
1839
8090
1840
1841
8089
1842
1843
1844
8088
1845
8087
8086
8085
1846
1847
8084
1848
1849
8083
1850
1851
8082
1852
8081
8080
8079
1853
8078
1854
1855
1856
1857
8077
1858
8076
8075
1859
1860
1861
1862
8074
1863
8073
1864
8072
1865
1866
1867
1868
8071
8070
8069
1869
8068
1870
8067
8066
1871
1872
1873
8065
1874
1875
8064
8063
8062
1876
8061
8060
1877
8059
8058
1878
8057
1879
8056
1880
8055
1881
1882
1883
8054
1884
1885
8053
1886
8052
1887
1888
8051
1889
8050
1890
1891
1892
1893
8049
1894
1895
1896
1897
8048
8047
8046
8045
1898
1899
8044
8043
1900
8042
1901
8041
1902
1903
8040
1904
1905
1906
1907
8039
8038
8037
1908
8036
8035
1909
8034
1910
1911
1912
8033
8032
1913
1914
8031
1915
1916
8030
8029
1917
1918
8028
1919
8027
8026
8025
8024
1920
1921
8023
8022
1922
1923
1924
1925
8021
1926
8020
8019
8018
8017
8016
1927
8015
8014
1928
8013
8012
8011
8010
8009
8008
8007
1929
1930
1931
1932
8006
8005
8004
8003
1933
1934
1935
8002
8001
1936
1937
8000
1938
7999
1939
1940
1941
7998
1942
7997
1943
1944
7996
7995
1945
1946
7994
1947
1948
7993
7992
7991
1949
1950
7990
7989
7988
7987
7986
1951
7985
1952
7984
1953
1954
7983
7982
1955
1956
7981
1957
7980
7979
7978
1958
1959
1960
1961
1962
7977
1963
1964
7976
1965
7975
7974
7973
1966
7972
7971
1967
7970
7969
7968
7967
1968
7966
1969
7965
7964
1970
7963
7962
1971
1972
7961
7960
7959
1973
7958
7957
7956
7955
7954
1974
1975
1976
7953
1977
1978
1979
7952
1980
7951
7950
1981
1982
1983
1984
1985
1986
7949
7948
1987
7947
7946
7945
7944
7943
7942
7941
7940
1988
7939
7938
7937
7936
7935
7934
1989
7933
1990
1991
7932
7931
7930
7929
1992
7928
7927
1993
7926
1994
1995
7925
1996
1997
1998
7924
7923
7922
7921
7920
1999
7919
2000
7918
7917
7916
2001
7915
7914
2002
7913
7912
2003
2004
2005
7911
7910
7909
2006
7908
2007
2008
2009
2010
2011
7907
7906
2012
7905
7904
2013
7903
7902
7901
7900
7899
2014
7898
7897
2015
7896
2016
7895
2017
2018
7894
7893
7892
2019
2020
7891
7890
7889
7888
2021
7887
7886
7885
7884
2022
7883
7882
7881
7880
7879
7878
2023
7877
2024
7876
7875
7874
2025
2026
7873
2027
2028
2029
7872
2030
7871
7870
2031
2032
2033
2034
7869
2035
2036
7868
2037
2038
7867
2039
7866
2040
2041
7865
7864
7863
2042
7862
2043
7861
7860
7859
2044
2045
7858
2046
7857
7856
2047
2048
7855
7854
2049
7853
7852
2050
7851
7850
2051
7849
2052
2053
2054
2055
2056
7848
2057
2058
2059
2060
7847
2061
2062
7846
2063
2064
7845
2065
2066
2067
2068
7844
7843
7842
2069
2070
7841
2071
7840
2072
7839
2073
2074
7838
7837
2075
7836
2076
7835
2077
2078
2079
2080
7834
2081
7833
7832
7831
2082
7830
2083
7829
2084
2085
2086
7828
7827
7826
2087
7825
2088
2089
2090
2091
7824
2092
2093
7823
7822
7821
2094
2095
2096
2097
7820
2098
7819
2099
2100
7818
2101
2102
2103
7817
2104
2105
7816
7815
2106
2107
2108
7814
2109
2110
2111
2112
2113
2114
2115
7813
2116
2117
7812
7811
2118
2119
7810
2120
2121
2122
7809
2123
2124
2125
7808
2126
2127
7807
7806
7805
7804
2128
2129
2130
7803
7802
2131
2132
7801
2133
7800
7799
2134
7798
2135
2136
7797
2137
2138
7796
2139
2140
7795
2141
7794
7793
7792
2142
2143
2144
7791
2145
7790
2146
2147
2148
7789
2149
2150
2151
7788
2152
7787
2153
2154
2155
2156
2157
2158
7786
7785
2159
7784
2160
2161
7783
7782
7781
7780
2162
2163
7779
7778
2164
7777
2165
7776
2166
2167
2168
7775
7774
7773
2169
7772
2170
2171
2172
7771
2173
2174
2175
7770
2176
7769
2177
7768
7767
2178
2179
7766
7765
2180
2181
2182
7764
7763
7762
2183
2184
2185
2186
2187
7761
2188
2189
7760
2190
7759
7758
2191
2192
7757
2193
7756
2194
2195
7755
7754
2196
7753
2197
2198
7752
2199
7751
7750
2200
7749
2201
2202
7748
2203
7747
2204
2205
7746
2206
7745
2207
7744
7743
7742
2208
2209
2210
7741
7740
2211
2212
2213
7739
2214
7738
7737
2215
7736
7735
7734
7733
2216
7732
2217
2218
2219
7731
2220
7730
2221
2222
2223
7729
2224
7728
2225
7727
7726
2226
7725
7724
2227
2228
7723
2229
7722
2230
7721
7720
2231
2232
7719
2233
7718
7717
2234
2235
2236
7716
7715
7714
7713
2237
2238
7712
2239
2240
7711
7710
7709
7708
7707
2241
7706
7705
2242
2243
7704
2244
7703
2245
2246
7702
2247
2248
7701
2249
2250
7700
7699
2251
2252
7698
7697
2253
7696
7695
2254
2255
2256
7694
2257
7693
7692
2258
2259
7691
2260
2261
2262
7690
7689
2263
2264
2265
2266
7688
7687
2267
2268
7686
2269
7685
7684
7683
2270
7682
2271
2272
2273
2274
7681
7680
7679
2275
2276
7678
7677
2277
7676
2278
2279
7675
2280
7674
2281
7673
7672
7671
2282
7670
7669
2283
7668
7667
7666
2284
2285
2286
2287
7665
7664
7663
2288
2289
2290
2291
2292
2293
2294
2295
2296
7662
7661
7660
2297
2298
7659
2299
2300
7658
7657
7656
7655
7654
2301
7653
7652
2302
7651
7650
2303
2304
7649
2305
7648
7647
2306
7646
2307
2308
7645
7644
7643
2309
7642
2310
7641
7640
7639
2311
7638
7637
7636
2312
7635
7634
2313
2314
2315
7633
7632
7631
2316
7630
7629
7628
2317
2318
2319
7627
2320
7626
2321
7625
7624
7623
7622
2322
2323
7621
2324
7620
7619
7618
7617
2325
7616
7615
7614
2326
2327
2328
2329
2330
7613
2331
2332
2333
7612
7611
7610
2334
2335
7609
2336
2337
7608
7607
2338
7606
2339
7605
7604
7603
7602
7601
7600
7599
7598
2340
7597
7596
7595
2341
7594
2342
2343
2344
7593
2345
7592
7591
7590
2346
2347
7589
7588
7587
2348
7586
2349
7585
2350
2351
7584
2352
2353
2354
7583
7582
2355
7581
7580
2356
2357
7579
7578
2358
2359
7577
2360
7576
2361
7575
7574
7573
2362
7572
2363
7571
2364
7570
2365
2366
2367
2368
2369
7569
2370
2371
2372
7568
2373
2374
7567
2375
7566
7565
7564
7563
7562
2376
7561
7560
7559
2377
7558
7557
2378
2379
2380
2381
7556
7555
7554
2382
7553
2383
7552
2384
2385
2386
2387
2388
7551
2389
7550
2390
7549
2391
7548
2392
7547
7546
2393
2394
2395
7545
2396
2397
2398
2399
7544
7543
7542
7541
2400
7540
7539
2401
2402
2403
2404
7538
2405
2406
2407
2408
2409
7537
2410
2411
7536
2412
7535
2413
2414
7534
2415
7533
7532
7531
7530
7529
2416
2417
2418
7528
2419
2420
2421
2422
2423
7527
2424
7526
7525
7524
7523
2425
2426
7522
2427
7521
2428
2429
2430
7520
2431
2432
2433
2434
7519
7518
7517
7516
7515
2435
7514
7513
2436
7512
7511
2437
2438
2439
7510
7509
2440
7508
2441
7507
7506
2442
7505
7504
2443
2444
7503
2445
7502
2446
2447
2448
2449
2450
7501
2451
2452
7500
7499
2453
2454
7498
7497
2455
2456
2457
7496
7495
7494
2458
7493
2459
2460
2461
2462
2463
2464
2465
7492
7491
2466
7490
7489
2467
2468
7488
2469
2470
7487
7486
7485
7484
2471
7483
7482
7481
2472
7480
7479
2473
2474
7478
2475
7477
2476
7476
2477
2478
2479
7475
7474
7473
2480
7472
7471
7470
2481
7469
2482
2483
7468
7467
2484
7466
7465
2485
7464
7463
7462
2486
2487
7461
7460
7459
2488
2489
7458
7457
7456
7455
2490
7454
2491
2492
2493
2494
2495
2496
7453
7452
2497
2498
2499
7451
2500
2501
2502
7450
7449
7448
2503
7447
7446
2504
7445
7444
7443
2505
7442
7441
7440
2506
7439
2507
2508
2509
7438
2510
2511
2512
7437
2513
7436
2514
2515
7435
2516
7434
7433
2517
7432
7431
7430
7429
7428
2518
7427
7426
2519
7425
7424
2520
2521
7423
2522
7422
2523
2524
7421
2525
2526
2527
2528
7420
7419
2529
2530
7418
2531
7417
7416
7415
2532
7414
2533
2534
2535
2536
7413
7412
7411
7410
2537
7409
7408
2538
7407
2539
7406
2540
7405
2541
2542
7404
7403
7402
2543
2544
2545
2546
7401
2547
7400
7399
7398
7397
2548
2549
2550
2551
2552
7396
2553
2554
7395
7394
2555
2556
2557
7393
2558
2559
7392
7391
7390
7389
2560
7388
7387
2561
2562
2563
7386
2564
2565
2566
7385
2567
2568
7384
2569
7383
7382
2570
7381
7380
7379
7378
7377
7376
2571
2572
2573
7375
7374
7373
2574
7372
7371
7370
2575
7369
2576
7368
2577
7367
2578
2579
2580
7366
7365
7364
7363
2581
7362
2582
2583
7361
7360
2584
7359
2585
2586
7358
2587
2588
7357
2589
2590
2591
7356
2592
2593
2594
7355
7354
7353
2595
7352
7351
2596
7350
7349
7348
2597
7347
7346
7345
7344
2598
7343
7342
2599
7341
2600
7340
2601
2602
7339
7338
2603
7337
2604
2605
2606
7336
7335
2607
2608
2609
7334
7333
7332
7331
7330
2610
7329
2611
7328
2612
2613
2614
2615
2616
7327
7326
7325
2617
7324
2618
2619
7323
7322
2620
2621
2622
2623
7321
2624
7320
2625
2626
7319
2627
7318
7317
2628
2629
7316
7315
7314
7313
2630
2631
2632
2633
2634
2635
2636
2637
2638
7312
7311
7310
2639
7309
2640
2641
2642
2643
2644
7308
2645
7307
7306
2646
7305
2647
7304
7303
7302
2648
2649
2650
7301
7300
2651
7299
7298
7297
7296
2652
2653
2654
2655
2656
7295
2657
2658
2659
2660
7294
7293
2661
2662
2663
2664
2665
2666
7292
2667
2668
2669
2670
2671
2672
7291
7290
2673
7289
7288
7287
7286
2674
2675
2676
2677
2678
2679
7285
7284
7283
2680
7282
7281
7280
7279
7278
2681
2682
2683
7277
7276
7275
7274
7273
7272
2684
7271
7270
2685
2686
7269
2687
7268
7267
2688
2689
7266
2690
7265
2691
7264
7263
7262
2692
7261
2693
2694
2695
7260
7259
7258
2696
2697
7257
7256
7255
7254
2698
7253
7252
2699
2700
7251
2701
7250
7249
7248
2702
7247
2703
7246
2704
7245
2705
7244
7243
7242
7241
7240
2706
7239
7238
2707
7237
2708
2709
7236
7235
2710
2711
2712
7234
2713
7233
2714
7232
2715
2716
7231
2717
7230
2718
2719
7229
2720
7228
2721
7227
7226
7225
2722
2723
7224
7223
7222
7221
7220
2724
7219
2725
7218
2726
2727
7217
7216
7215
2728
7214
7213
7212
2729
7211
7210
2730
2731
7209
2732
2733
7208
2734
7207
2735
7206
2736
2737
7205
7204
7203
7202
7201
2738
2739
7200
2740
7199
2741
2742
2743
2744
2745
2746
7198
2747
2748
7197
2749
2750
2751
7196
7195
7194
7193
7192
7191
7190
7189
7188
7187
7186
7185
2752
2753
7184
2754
2755
7183
2756
7182
7181
2757
2758
2759
7180
2760
2761
7179
2762
7178
7177
7176
7175
7174
2763
2764
2765
2766
7173
2767
7172
7171
2768
7170
2769
2770
7169
2771
2772
2773
2774
7168
7167
2775
7166
7165
2776
7164
2777
2778
2779
2780
2781
2782
7163
2783
2784
2785
2786
7162
2787
2788
2789
2790
2791
7161
7160
7159
2792
2793
7158
2794
7157
2795
2796
2797
2798
7156
2799
7155
2800
2801
7154
7153
2802
7152
7151
7150
7149
7148
7147
7146
2803
2804
7145
7144
2805
2806
2807
7143
7142
7141
2808
7140
7139
7138
2809
7137
2810
7136
2811
7135
7134
7133
2812
7132
7131
2813
7130
7129
7128
7127
7126
7125
7124
7123
7122
7121
7120
2814
7119
7118
7117
7116
7115
2815
2816
2817
2818
2819
2820
2821
2822
2823
7114
7113
2824
7112
2825
7111
2826
2827
2828
2829
2830
7110
2831
2832
7109
2833
7108
2834
2835
7107
2836
2837
2838
7106
2839
2840
7105
7104
2841
7103
2842
2843
2844
2845
7102
2846
7101
7100
2847
7099
7098
2848
7097
7096
2849
7095
7094
7093
7092
7091
7090
2850
7089
2851
7088
2852
2853
7087
2854
2855
7086
7085
7084
2856
7083
7082
2857
7081
7080
7079
2858
2859
2860
7078
2861
7077
7076
2862
7075
7074
7073
7072
7071
2863
2864
7070
2865
2866
7069
2867
2868
7068
7067
7066
2869
2870
7065
7064
2871
7063
7062
2872
7061
2873
2874
7060
7059
7058
2875
7057
2876
2877
7056
7055
2878
2879
7054
2880
7053
7052
2881
2882
7051
2883
7050
7049
7048
7047
7046
2884
2885
7045
2886
7044
2887
7043
7042
2888
7041
2889
7040
7039
7038
7037
7036
7035
7034
2890
2891
7033
2892
2893
2894
7032
2895
7031
7030
2896
7029
7028
2897
7027
2898
2899
2900
7026
2901
7025
2902
2903
2904
7024
2905
2906
2907
7023
7022
2908
7021
2909
2910
2911
7020
7019
7018
2912
7017
7016
7015
7014
7013
7012
7011
7010
2913
7009
7008
7007
2914
2915
7006
2916
7005
7004
7003
2917
2918
2919
7002
7001
7000
6999
2920
6998
2921
2922
2923
2924
2925
6997
6996
2926
6995
6994
2927
2928
6993
2929
6992
2930
2931
2932
6991
6990
6989
2933
2934
6988
6987
2935
6986
2936
2937
2938
2939
6985
2940
2941
2942
6984
6983
6982
6981
2943
6980
2944
2945
6979
6978
6977
6976
6975
6974
2946
6973
6972
6971
6970
2947
6969
6968
6967
6966
6965
2948
6964
2949
6963
6962
2950
6961
6960
2951
2952
2953
2954
2955
6959
2956
6958
2957
2958
2959
2960
6957
2961
2962
6956
2963
2964
6955
2965
2966
6954
2967
6953
2968
2969
2970
2971
2972
6952
2973
2974
6951
2975
2976
6950
2977
2978
6949
2979
2980
2981
2982
2983
2984
6948
6947
6946
6945
2985
6944
2986
2987
6943
6942
2988
2989
2990
6941
6940
6939
2991
2992
6938
2993
6937
2994
2995
2996
6936
2997
2998
2999
6935
3000
3001
3002
3003
6934
6933
3004
3005
6932
6931
6930
6929
3006
6928
6927
6926
6925
6924
6923
6922
6921
3007
6920
6919
3008
3009
3010
3011
3012
6918
6917
6916
3013
3014
6915
6914
6913
6912
3015
6911
6910
3016
3017
6909
3018
6908
6907
6906
3019
3020
6905
6904
3021
6903
6902
3022
6901
6900
3023
6899
6898
6897
6896
3024
6895
3025
3026
3027
3028
3029
6894
3030
3031
6893
3032
3033
6892
6891
6890
3034
6889
6888
6887
3035
3036
3037
3038
3039
6886
6885
6884
3040
3041
6883
6882
6881
6880
3042
3043
3044
6879
3045
6878
6877
3046
3047
6876
6875
3048
3049
3050
6874
6873
6872
6871
6870
3051
3052
6869
6868
6867
3053
6866
3054
6865
6864
6863
6862
3055
6861
6860
3056
6859
6858
3057
3058
3059
3060
3061
3062
3063
3064
3065
6857
6856
3066
6855
6854
6853
3067
3068
3069
3070
3071
3072
6852
6851
3073
6850
3074
3075
3076
3077
6849
6848
3078
6847
3079
6846
6845
3080
6844
6843
3081
6842
6841
6840
6839
3082
3083
6838
6837
6836
6835
6834
3084
3085
3086
3087
6833
6832
6831
6830
6829
3088
3089
3090
3091
6828
6827
3092
3093
3094
3095
6826
3096
3097
6825
6824
3098
3099
3100
6823
6822
6821
3101
6820
6819
3102
6818
6817
3103
3104
3105
3106
3107
3108
6816
6815
3109
6814
3110
6813
6812
3111
3112
6811
3113
6810
3114
3115
6809
6808
6807
3116
6806
3117
6805
3118
6804
3119
6803
6802
3120
3121
3122
6801
3123
3124
6800
6799
6798
6797
3125
3126
3127
6796
3128
3129
6795
3130
3131
6794
6793
3132
6792
6791
6790
6789
6788
6787
3133
6786
6785
6784
6783
3134
6782
3135
6781
6780
6779
6778
3136
3137
3138
3139
3140
6777
3141
6776
6775
3142
6774
6773
3143
6772
3144
6771
3145
3146
3147
3148
3149
3150
6770
6769
3151
6768
6767
3152
6766
6765
6764
6763
6762
6761
6760
6759
6758
3153
3154
3155
6757
6756
6755
6754
6753
3156
3157
3158
6752
3159
6751
6750
3160
3161
3162
6749
6748
3163
6747
3164
3165
3166
3167
6746
6745
6744
3168
3169
3170
3171
3172
3173
6743
6742
3174
3175
6741
6740
6739
3176
6738
3177
3178
3179
6737
3180
6736
3181
6735
3182
3183
3184
3185
3186
3187
3188
3189
6734
6733
6732
6731
6730
3190
6729
3191
3192
3193
6728
3194
3195
3196
6727
3197
3198
6726
3199
6725
6724
3200
6723
3201
3202
6722
6721
6720
6719
3203
6718
3204
3205
6717
6716
6715
3206
3207
3208
6714
3209
3210
6713
6712
3211
6711
6710
6709
6708
3212
3213
6707
6706
3214
6705
6704
6703
6702
3215
6701
6700
3216
3217
6699
3218
3219
6698
3220
6697
3221
6696
3222
6695
6694
3223
3224
6693
6692
6691
6690
3225
3226
3227
3228
3229
6689
6688
6687
3230
6686
6685
3231
6684
6683
3232
6682
6681
6680
6679
6678
6677
6676
3233
6675
3234
6674
6673
3235
6672
3236
3237
3238
6671
3239
3240
6670
6669
6668
3241
6667
3242
3243
6666
3244
6665
6664
6663
3245
3246
6662
3247
6661
3248
6660
3249
3250
6659
6658
6657
6656
6655
3251
3252
3253
3254
3255
3256
6654
6653
6652
3257
6651
3258
3259
6650
3260
3261
3262
6649
6648
3263
3264
6647
3265
3266
3267
3268
6646
3269
3270
3271
6645
6644
3272
6643
6642
3273
3274
6641
3275
3276
6640
3277
3278
3279
3280
3281
6639
6638
3282
6637
3283
3284
3285
6636
6635
6634
3286
6633
3287
3288
6632
3289
3290
6631
3291
6630
3292
3293
3294
3295
6629
6628
3296
6627
6626
6625
6624
6623
6622
3297
6621
3298
6620
6619
6618
3299
3300
6617
6616
6615
3301
3302
6614
6613
3303
6612
3304
6611
6610
6609
3305
3306
3307
3308
6608
6607
3309
6606
3310
6605
3311
3312
6604
3313
3314
3315
3316
3317
3318
6603
3319
3320
3321
3322
6602
3323
6601
6600
6599
3324
3325
6598
6597
3326
6596
6595
3327
6594
3328
6593
3329
6592
6591
3330
6590
3331
6589
6588
6587
3332
6586
6585
6584
6583
3333
6582
3334
6581
3335
3336
3337
6580
3338
6579
3339
3340
3341
3342
3343
3344
3345
3346
3347
6578
3348
3349
3350
3351
6577
3352
6576
3353
6575
3354
6574
6573
3355
3356
3357
3358
6572
3359
3360
3361
3362
6571
3363
3364
6570
3365
6569
6568
6567
6566
6565
6564
3366
3367
6563
3368
6562
3369
6561
6560
3370
6559
6558
6557
6556
3371
6555
6554
3372
3373
6553
3374
6552
6551
3375
3376
6550
3377
3378
6549
3379
6548
6547
3380
6546
3381
6545
3382
6544
6543
6542
6541
3383
3384
3385
3386
6540
6539
6538
6537
3387
6536
6535
3388
6534
6533
6532
6531
6530
6529
6528
6527
3389
3390
6526
6525
3391
6524
6523
3392
3393
3394
6522
3395
3396
6521
6520
6519
3397
3398
3399
3400
6518
3401
3402
3403
6517
6516
3404
3405
6515
3406
3407
3408
3409
3410
3411
6514
3412
6513
3413
6512
3414
3415
6511
3416
3417
6510
6509
3418
3419
6508
6507
3420
3421
6506
3422
3423
6505
6504
6503
6502
6501
3424
3425
6500
6499
3426
3427
3428
3429
3430
3431
6498
6497
3432
3433
6496
3434
6495
3435
3436
6494
3437
3438
3439
3440
6493
3441
6492
6491
6490
6489
6488
6487
6486
6485
3442
3443
6484
6483
3444
6482
3445
3446
6481
6480
3447
6479
3448
6478
3449
6477
3450
3451
3452
6476
3453
3454
6475
3455
3456
6474
3457
3458
3459
6473
6472
3460
3461
3462
3463
6471
3464
3465
3466
6470
3467
3468
6469
3469
6468
6467
6466
6465
6464
3470
6463
3471
3472
3473
3474
3475
3476
6462
6461
6460
6459
6458
3477
6457
3478
3479
3480
6456
6455
3481
3482
3483
3484
6454
6453
3485
3486
3487
6452
3488
3489
6451
3490
6450
3491
6449
6448
6447
6446
6445
6444
6443
6442
6441
3492
3493
6440
3494
6439
3495
3496
6438
6437
6436
3497
3498
3499
3500
3501
6435
3502
3503
3504
6434
3505
6433
3506
3507
3508
3509
3510
6432
6431
6430
6429
3511
6428
6427
6426
3512
3513
3514
3515
3516
3517
6425
6424
3518
3519
6423
6422
3520
3521
6421
3522
6420
3523
3524
6419
3525
3526
3527
3528
6418
3529
3530
6417
3531
6416
3532
3533
3534
3535
3536
6415
3537
6414
3538
3539
6413
3540
6412
3541
3542
3543
3544
3545
6411
3546
3547
3548
6410
3549
6409
3550
6408
6407
6406
6405
6404
3551
6403
6402
3552
6401
6400
6399
6398
6397
6396
6395
6394
3553
3554
3555
3556
6393
3557
3558
6392
6391
3559
3560
3561
3562
6390
3563
3564
3565
6389
6388
3566
6387
3567
6386
3568
3569
6385
3570
6384
3571
3572
3573
6383
3574
6382
3575
3576
6381
3577
3578
6380
6379
3579
6378
3580
3581
6377
3582
3583
3584
3585
6376
3586
3587
3588
3589
6375
6374
3590
3591
3592
3593
3594
6373
6372
3595
3596
3597
6371
6370
6369
3598
3599
6368
3600
3601
6367
3602
3603
6366
3604
6365
6364
6363
3605
3606
3607
6362
6361
3608
3609
3610
6360
3611
6359
3612
6358
3613
3614
3615
3616
6357
3617
3618
3619
6356
3620
3621
3622
3623
3624
3625
3626
3627
6355
3628
6354
6353
3629
6352
6351
6350
6349
6348
3630
6347
3631
3632
3633
3634
3635
3636
3637
6346
6345
6344
6343
6342
6341
6340
3638
3639
3640
6339
3641
3642
6338
3643
3644
3645
6337
3646
3647
3648
6336
3649
3650
3651
3652
6335
6334
3653
3654
3655
6333
6332
3656
3657
6331
3658
6330
6329
3659
6328
3660
6327
3661
3662
3663
6326
6325
6324
3664
3665
6323
6322
3666
6321
3667
3668
3669
3670
6320
3671
6319
3672
6318
3673
6317
6316
6315
6314
6313
6312
3674
3675
6311
3676
6310
3677
3678
6309
6308
6307
6306
6305
6304
6303
6302
3679
6301
3680
6300
3681
6299
6298
3682
3683
6297
3684
6296
6295
6294
3685
6293
6292
3686
3687
6291
3688
3689
3690
6290
6289
6288
3691
6287
3692
6286
3693
6285
6284
3694
3695
6283
6282
6281
6280
6279
3696
3697
3698
6278
6277
3699
6276
6275
6274
3700
6273
3701
6272
6271
3702
3703
3704
6270
3705
3706
6269
6268
3707
6267
6266
6265
6264
3708
3709
6263
6262
6261
3710
6260
6259
6258
3711
3712
3713
3714
6257
3715
3716
6256
6255
6254
6253
6252
6251
6250
3717
3718
3719
6249
3720
6248
3721
3722
6247
6246
3723
6245
3724
3725
6244
6243
3726
3727
6242
6241
3728
6240
6239
6238
6237
6236
6235
3729
6234
3730
6233
3731
6232
3732
3733
6231
6230
6229
6228
3734
6227
3735
3736
6226
3737
6225
6224
6223
3738
3739
6222
3740
6221
3741
6220
3742
6219
3743
3744
6218
3745
6217
6216
6215
3746
3747
3748
3749
6214
6213
6212
3750
6211
3751
3752
3753
6210
6209
3754
6208
3755
3756
6207
6206
6205
6204
6203
3757
6202
3758
6201
6200
3759
6199
3760
3761
3762
3763
3764
3765
6198
3766
6197
3767
6196
3768
3769
3770
3771
3772
3773
3774
3775
6195
3776
3777
6194
3778
6193
3779
3780
6192
3781
6191
6190
3782
6189
3783
6188
3784
3785
6187
3786
6186
6185
3787
3788
6184
3789
6183
3790
3791
6182
6181
6180
6179
3792
6178
6177
3793
6176
3794
3795
6175
6174
6173
3796
3797
6172
6171
6170
3798
6169
6168
6167
3799
3800
6166
6165
6164
6163
3801
6162
6161
6160
6159
6158
6157
6156
3802
6155
6154
6153
6152
6151
3803
3804
6150
3805
3806
3807
6149
3808
3809
3810
6148
6147
6146
3811
6145
6144
3812
6143
6142
3813
6141
3814
6140
3815
3816
6139
3817
3818
6138
3819
3820
3821
3822
6137
6136
3823
3824
6135
6134
3825
3826
3827
6133
6132
6131
6130
6129
6128
3828
3829
3830
6127
3831
6126
6125
6124
3832
3833
3834
3835
6123
6122
6121
3836
6120
3837
6119
6118
3838
3839
3840
6117
6116
6115
3841
6114
3842
6113
3843
6112
6111
3844
3845
3846
6110
3847
6109
6108
3848
6107
3849
3850
3851
6106
6105
6104
3852
6103
6102
3853
6101
6100
6099
3854
3855
6098
3856
6097
6096
3857
3858
6095
6094
3859
3860
6093
3861
6092
6091
6090
3862
6089
3863
3864
6088
3865
3866
3867
6087
3868
6086
6085
6084
3869
3870
3871
6083
6082
3872
6081
3873
3874
6080
6079
3875
6078
6077
3876
3877
3878
3879
6076
3880
3881
3882
3883
6075
3884
3885
3886
3887
3888
6074
6073
6072
6071
3889
3890
6070
3891
3892
6069
3893
6068
6067
3894
3895
6066
3896
6065
6064
3897
3898
3899
6063
3900
3901
6062
3902
3903
3904
3905
3906
6061
3907
6060
3908
3909
6059
3910
6058
3911
3912
3913
6057
3914
6056
6055
3915
6054
3916
3917
3918
6053
6052
6051
6050
6049
6048
3919
6047
6046
3920
3921
6045
6044
3922
6043
6042
3923
6041
6040
3924
6039
6038
3925
3926
6037
3927
6036
6035
6034
3928
6033
6032
6031
6030
3929
6029
6028
6027
3930
3931
6026
6025
6024
6023
6022
6021
6020
3932
6019
3933
3934
3935
3936
6018
6017
6016
3937
3938
6015
3939
6014
3940
3941
6013
3942
3943
6012
3944
3945
3946
3947
3948
6011
3949
6010
6009
6008
3950
3951
6007
3952
3953
6006
3954
3955
3956
6005
6004
6003
3957
6002
3958
6001
6000
3959
3960
5999
5998
5997
3961
5996
5995
3962
5994
3963
5993
3964
3965
3966
3967
5992
3968
5991
3969
5990
5989
5988
5987
3970
5986
3971
3972
5985
3973
5984
3974
5983
3975
5982
5981
3976
5980
3977
5979
3978
3979
3980
5978
3981
3982
3983
3984
3985
3986
5977
3987
5976
3988
5975
3989
3990
5974
3991
3992
5973
5972
5971
3993
5970
3994
3995
5969
5968
3996
3997
3998
5967
3999
5966
4000
4001
5965
5964
4002
5963
4003
4004
4005
4006
5962
5961
5960
4007
5959
5958
5957
4008
5956
5955
5954
5953
4009
4010
5952
5951
5950
4011
5949
5948
5947
4012
4013
4014
4015
4016
5946
5945
4017
4018
4019
4020
5944
5943
5942
4021
5941
5940
5939
5938
4022
4023
5937
4024
5936
5935
5934
5933
4025
5932
5931
4026
5930
5929
5928
4027
4028
5927
4029
5926
5925
5924
5923
4030
5922
5921
4031
4032
5920
5919
4033
5918
4034
4035
4036
5917
5916
4037
4038
5915
5914
4039
4040
4041
5913
5912
4042
4043
5911
5910
5909
5908
5907
4044
5906
5905
4045
4046
4047
4048
4049
4050
5904
4051
5903
4052
4053
4054
4055
4056
4057
4058
4059
4060
5902
5901
5900
5899
4061
4062
5898
4063
5897
4064
5896
4065
5895
5894
5893
4066
5892
5891
5890
5889
5888
4067
4068
5887
4069
4070
5886
4071
5885
4072
5884
5883
5882
5881
4073
4074
4075
4076
5880
4077
4078
4079
4080
4081
4082
5879
4083
5878
4084
5877
4085
4086
4087
4088
5876
5875
4089
4090
4091
4092
4093
4094
5874
4095
4096
5873
4097
4098
5872
4099
5871
4100
5870
4101
5869
5868
5867
4102
5866
5865
4103
4104
5864
5863
4105
4106
5862
4107
4108
5861
5860
4109
5859
4110
5858
5857
5856
5855
5854
5853
4111
4112
4113
5852
5851
4114
4115
5850
4116
4117
5849
5848
5847
4118
4119
4120
5846
4121
5845
4122
5844
5843
4123
4124
5842
4125
5841
4126
4127
5840
5839
5838
4128
5837
5836
4129
5835
5834
4130
4131
4132
5833
4133
5832
5831
4134
5830
4135
4136
4137
5829
5828
5827
4138
4139
5826
4140
5825
4141
4142
4143
4144
4145
5824
4146
4147
5823
4148
4149
4150
4151
4152
5822
4153
4154
5821
4155
4156
5820
4157
5819
4158
5818
4159
4160
5817
5816
5815
4161
5814
5813
4162
5812
5811
4163
4164
5810
4165
5809
4166
5808
5807
4167
4168
5806
4169
5805
5804
4170
4171
4172
4173
4174
5803
5802
4175
5801
4176
4177
4178
4179
5800
4180
4181
4182
4183
4184
5799
4185
4186
4187
4188
5798
5797
4189
5796
5795
4190
5794
5793
5792
4191
5791
4192
4193
5790
4194
5789
4195
5788
5787
4196
5786
4197
5785
4198
4199
4200
4201
5784
4202
4203
5783
5782
5781
5780
5779
5778
4204
5777
5776
4205
5775
5774
5773
5772
4206
4207
5771
4208
4209
4210
4211
5770
5769
4212
5768
4213
4214
4215
5767
4216
4217
5766
4218
4219
4220
5765
5764
4221
4222
5763
5762
5761
5760
5759
5758
4223
5757
4224
4225
4226
4227
4228
4229
4230
5756
4231
4232
4233
4234
5755
4235
5754
5753
4236
4237
4238
4239
4240
5752
4241
4242
5751
5750
4243
4244
4245
5749
4246
4247
4248
5748
4249
4250
4251
4252
5747
4253
5746
5745
4254
5744
5743
4255
5742
4256
5741
5740
5739
5738
5737
4257
4258
5736
5735
5734
5733
5732
5731
4259
5730
5729
4260
5728
4261
5727
5726
5725
4262
5724
5723
5722
5721
4263
5720
4264
4265
5719
5718
5717
5716
4266
5715
4267
4268
5714
4269
4270
4271
5713
4272
4273
5712
4274
5711
4275
4276
4277
4278
4279
4280
4281
4282
5710
5709
5708
5707
5706
5705
4283
5704
4284
4285
5703
5702
5701
5700
4286
5699
5698
4287
5697
4288
4289
5696
4290
5695
4291
5694
4292
5693
5692
5691
5690
4293
5689
4294
5688
5687
5686
5685
5684
5683
4295
5682
4296
5681
5680
4297
4298
5679
4299
5678
5677
5676
5675
5674
5673
4300
4301
4302
4303
4304
4305
4306
4307
4308
5672
4309
4310
4311
4312
4313
4314
4315
5671
5670
5669
5668
4316
4317
4318
5667
5666
4319
5665
5664
4320
4321
4322
4323
5663
5662
4324
5661
5660
4325
5659
4326
4327
4328
4329
4330
5658
5657
5656
5655
4331
4332
4333
5654
5653
4334
4335
5652
4336
4337
5651
5650
5649
5648
4338
4339
4340
5647
5646
5645
5644
5643
4341
4342
4343
5642
4344
4345
5641
4346
5640
4347
5639
5638
5637
5636
5635
5634
4348
5633
5632
5631
4349
5630
4350
5629
5628
5627
4351
4352
5626
5625
4353
5624
5623
5622
5621
4354
5620
5619
4355
4356
4357
5618
5617
5616
4358
5615
4359
4360
4361
5614
5613
4362
5612
4363
4364
4365
4366
4367
4368
4369
5611
5610
4370
5609
5608
4371
4372
5607
4373
5606
4374
4375
4376
5605
4377
4378
5604
4379
4380
5603
4381
4382
5602
4383
5601
5600
5599
4384
4385
4386
4387
4388
5598
5597
5596
4389
5595
4390
5594
5593
4391
5592
5591
5590
4392
5589
4393
4394
5588
4395
5587
5586
5585
5584
5583
4396
5582
5581
4397
4398
5580
5579
5578
5577
5576
5575
4399
5574
5573
5572
4400
4401
5571
4402
4403
4404
5570
5569
4405
5568
5567
4406
5566
4407
5565
5564
5563
4408
4409
4410
4411
5562
5561
5560
5559
5558
5557
5556
4412
4413
4414
4415
4416
5555
5554
5553
5552
4417
5551
5550
4418
4419
5549
5548
5547
5546
5545
4420
4421
4422
4423
4424
5544
4425
4426
5543
5542
4427
4428
4429
5541
5540
4430
4431
4432
5539
4433
4434
5538
5537
5536
4435
5535
5534
4436
4437
4438
5533
4439
4440
4441
5532
4442
5531
5530
5529
5528
5527
4443
5526
5525
4444
4445
5524
5523
4446
5522
4447
5521
4448
5520
5519
5518
4449
4450
5517
4451
5516
5515
5514
4452
5513
4453
4454
4455
4456
5512
4457
4458
5511
4459
5510
4460
4461
5509
5508
4462
5507
4463
4464
4465
4466
4467
5506
5505
5504
4468
4469
4470
5503
5502
5501
4471
4472
4473
5500
4474
4475
5499
5498
5497
5496
4476
4477
5495
5494
5493
5492
4478
5491
4479
5490
5489
5488
4480
5487
5486
4481
4482
5485
5484
5483
5482
4483
5481
5480
4484
5479
4485
4486
5478
4487
4488
5477
5476
5475
5474
4489
4490
4491
5473
4492
5472
5471
5470
5469
4493
5468
4494
5467
5466
5465
5464
5463
5462
4495
4496
5461
5460
4497
4498
4499
5459
4500
5458
4501
4502
4503
5457
4504
5456
5455
5454
5453
4505
4506
4507
4508
4509
5452
4510
5451
5450
5449
5448
4511
4512
5447
4513
5446
5445
4514
4515
5444
5443
5442
5441
5440
5439
5438
4516
5437
4517
4518
4519
5436
4520
4521
5435
4522
4523
5434
5433
4524
5432
4525
4526
4527
4528
5431
5430
4529
5429
5428
4530
5427
5426
4531
5425
5424
5423
5422
4532
5421
4533
5420
5419
4534
5418
5417
5416
5415
5414
5413
4535
4536
5412
4537
5411
4538
5410
5409
4539
4540
4541
5408
5407
4542
5406
5405
4543
5404
4544
4545
4546
4547
5403
4548
4549
5402
4550
4551
5401
4552
5400
5399
5398
4553
5397
4554
5396
4555
4556
5395
4557
5394
5393
5392
5391
4558
5390
4559
4560
5389
4561
4562
5388
5387
5386
5385
5384
5383
5382
5381
5380
5379
5378
4563
5377
5376
5375
4564
4565
4566
4567
4568
5374
5373
5372
5371
5370
5369
5368
4569
4570
5367
4571
4572
4573
5366
4574
4575
4576
5365
4577
4578
4579
4580
5364
5363
4581
5362
5361
5360
4582
4583
5359
5358
5357
4584
4585
5356
4586
5355
4587
4588
4589
5354
4590
5353
5352
5351
5350
5349
4591
4592
4593
4594
4595
4596
5348
4597
4598
5347
5346
5345
4599
4600
5344
4601
4602
5343
4603
4604
4605
4606
4607
4608
5342
4609
5341
4610
5340
5339
5338
4611
5337
4612
4613
5336
5335
4614
5334
4615
5333
5332
4616
5331
5330
5329
5328
5327
5326
4617
5325
4618
4619
5324
4620
5323
5322
4621
4622
5321
4623
5320
4624
4625
5319
5318
5317
5316
4626
4627
4628
4629
5315
5314
4630
5313
4631
5312
5311
5310
5309
5308
4632
4633
4634
4635
4636
5307
5306
5305
5304
5303
5302
5301
4637
4638
4639
4640
5300
5299
5298
5297
5296
4641
4642
5295
4643
4644
4645
5294
5293
4646
5292
4647
5291
5290
4648
5289
4649
4650
4651
4652
5288
4653
4654
5287
5286
4655
4656
5285
5284
4657
4658
4659
5283
4660
5282
5281
5280
4661
5279
4662
4663
5278
4664
4665
4666
5277
4667
5276
5275
5274
4668
4669
4670
4671
4672
5273
4673
5272
4674
5271
5270
4675
5269
5268
5267
5266
4676
4677
4678
4679
5265
4680
4681
4682
5264
4683
5263
5262
5261
4684
4685
5260
5259
4686
4687
5258
4688
4689
4690
4691
5257
5256
5255
5254
5253
5252
5251
4692
4693
4694
4695
5250
5249
4696
4697
5248
5247
4698
5246
4699
5245
5244
4700
5243
4701
4702
4703
5242
4704
5241
4705
5240
4706
4707
4708
5239
5238
4709
4710
4711
4712
4713
4714
5237
5236
4715
4716
4717
4718
5235
5234
4719
4720
4721
5233
4722
4723
5232
4724
5231
5230
5229
4725
4726
5228
4727
4728
4729
4730
4731
4732
5227
4733
4734
4735
4736
5226
5225
5224
4737
4738
5223
5222
4739
4740
5221
4741
5220
5219
5218
5217
4742
4743
4744
5216
4745
5215
4746
5214
4747
5213
5212
4748
5211
5210
5209
4749
5208
4750
5207
5206
5205
5204
5203
5202
4751
4752
5201
5200
4753
4754
4755
4756
5199
4757
4758
5198
4759
5197
4760
4761
4762
4763
4764
5196
4765
4766
5195
4767
4768
4769
4770
4771
4772
5194
5193
4773
4774
5192
4775
4776
5191
4777
4778
4779
4780
5190
5189
4781
5188
5187
4782
5186
5185
5184
4783
5183
4784
5182
4785
4786
4787
4788
4789
4790
5181
4791
5180
4792
4793
4794
4795
4796
5179
5178
5177
5176
5175
5174
5173
4797
5172
4798
4799
5171
4800
4801
4802
4803
4804
5170
4805
5169
5168
4806
5167
5166
4807
5165
4808
4809
5164
4810
4811
4812
5163
4813
4814
5162
4815
5161
4816
4817
4818
4819
4820
5160
4821
5159
4822
5158
4823
5157
4824
5156
4825
5155
4826
5154
4827
4828
4829
4830
5153
4831
4832
5152
4833
4834
4835
5151
4836
4837
4838
4839
4840
4841
4842
5150
5149
4843
4844
4845
4846
4847
5148
5147
4848
4849
5146
4850
5145
4851
4852
4853
4854
4855
4856
4857
4858
5144
5143
4859
5142
4860
5141
5140
4861
5139
5138
5137
5136
5135
5134
5133
5132
4862
4863
4864
4865
5131
4866
5130
4867
5129
4868
4869
5128
4870
4871
5127
5126
4872
4873
5125
5124
5123
5122
4874
5121
4875
5120
5119
5118
5117
5116
4876
4877
5115
5114
5113
4878
4879
4880
5112
5111
4881
4882
4883
5110
4884
5109
5108
5107
4885
5106
5105
4886
4887
4888
4889
5104
4890
5103
5102
5101
4891
5100
5099
4892
5098
4893
5097
5096
5095
4894
5094
5093
4895
4896
5092
4897
4898
5091
4899
5090
4900
5089
4901
4902
5088
5087
5086
4903
5085
5084
4904
5083
4905
5082
4906
4907
4908
4909
4910
4911
4912
5081
4913
5080
5079
5078
5077
5076
5075
5074
4914
5073
4915
4916
5072
4917
5071
4918
4919
4920
5070
4921
5069
5068
4922
5067
4923
5066
5065
4924
4925
5064
5063
4926
5062
5061
4927
4928
4929
5060
5059
4930
5058
5057
4931
4932
4933
5056
5055
4934
4935
4936
5054
4937
5053
5052
5051
4938
5050
4939
4940
4941
4942
4943
5049
5048
4944
4945
4946
4947
5047
4948
5046
4949
4950
5045
4951
5044
4952
5043
4953
5042
5041
5040
4954
5039
4955
5038
5037
4956
4957
4958
4959
4960
5036
4961
4962
4963
4964
4965
5035
4966
4967
4968
4969
5034
5033
4970
5032
4971
4972
5031
5030
5029
4973
4974
4975
5028
4976
5027
5026
5025
4977
5024
5023
5022
5021
5020
4978
4979
4980
4981
5019
4982
5018
4983
5017
4984
5016
5015
4985
4986
4987
4988
5014
4989
4990
4991
4992
4993
5013
5012
5011
5010
5009
4994
5008
4995
4996
5007
4997
5006
4998
5005
4999
5004
5003
5002
5000
5001
5000